0
0
13
-1
0
0
1032
true
14:14:25
0
0
20
0
0
7
5017
true
14:30:54
0
0
19
0
0
13
9994
true
14:58:33
0
0
20
0
0
17
9842
true
15:00:36
0
0
18
0
0
5
2995
true
15:06:34
0
0
15
0
0
2
1465
true
15:08:12
0
0
23
0
0
2
1196
true
15:09:40
0
0
20
0
0
9
6018
true
15:12:32
0
0
18
-1
0
1
414
true
15:14:33
0
0
18
0
0
0
246
true
15:14:39
0
0
20
-1
6
2
1612
true
15:17:48
0
0
20
0
7
0
926
true
15:18:26
0
0
20
0
6755
4
2445
true
15:20:42
0
0
21
0
30145
30
18222
true
15:27:45
0
0
22
0
34375
39
22549
true
15:28:43
0
0
20
-1
40667
48
27087
true
15:30:26
0
0
17
0
4997
4
2121
true
15:51:24
0
0
12
-1
5043
2
1189
true
15:51:32
0
0
24
0
19180
22
12616
true
15:51:38
0
0
13
0
11935
15
7644
true
15:51:58
0
0
6
0
27146
34
18404
true
15:53:32
0
0
8
0
10325
6
4153
true
09:18:31
0
0
20
0
7210
6
3680
true
09:18:43
0
0
-10
-1
18118
16
10397
true
10:22:12
0
0
0
2
13143
0
1790
true
10:22:46
0
0
-13
-3
13465
13
7512
true
11:13:50
0
0
0
3
27780
32
18454
true
11:14:05
0
0
20
0
7225
2
1737
true
15:34:45
0
0
13
0
42981
43
28081
true
12:25:31
0
0
-178
-1
9686
0
2353
true
12:45:05
0
0
12
0
5898
0
618
true
12:49:45
0
0
-2
0
5096
2
1473
true
14:06:56
0
0
-1
0
11938
0
2243
true
14:07:02
0
0
10
-1
4943
0
825
true
14:07:15
0
0
19
-1
10937
0
2600
true
14:07:20
0
0
19
0
19886
1
5524
true
14:08:14
0
0
15
0
6706
2
1674
true
14:11:00
0
0
6
0
6676
0
771
true
14:34:42
0
0
0
5
12823
0
2473
true
14:34:51
0
0
-91
0
13258
1
3352
true
11:55:12
0
0
-67
0
23569
2
6508
true
11:55:29
1
0
-33
7
47272
25
26463
true
11:55:56
0
0
-36
6
15633
7
5807
true
11:56:45
1
0
11
8
47825
21
24082
true
11:57:03
0
0
7
0
24259
17
12042
true
18:31:15
0
0
22
0
3417
0
225
true
18:31:41
0
0
14
0
28976
17
13653
true
08:38:17
0
0
-97
0
20923
17
11551
true
19:55:48
1
0
-58
11
48112
43
34755
true
19:56:10
0
0
5
0
47165
28
24277
true
19:57:46
0
0
13
-2
13931
0
3372
true
19:58:35
0
0
0
0
44432
30
23458
true
19:40:40
0
0
18
0
4944
1
994
true
19:41:28
0
0
-50
0
4079
4
1905
true
18:39:52
1
0
-25
9
47883
47
34377
true
18:39:57
0
0
-5
-1
16968
15
10586
true
18:40:46
0
0
16
0
23530
19
13232
true
18:41:04
0
0
-20
-1
41837
44
30727
true
07:02:44
1
0
16
5
47262
43
33234
true
07:03:27
0
0
19
-1
27494
3
8254
true
17:32:04
0
0
0
9
21681
23
13830
true
10:55:40
0
0
19
0
19195
8
7556
true
16:35:11
1
0
-37
8
47631
49
38974
true
19:05:51
0
0
13
0
43211
23
21604
true
19:07:10
1
0
16
6
47351
49
34579
true
10:51:17
0
0
-5
-1
13580
15
8830
true
10:53:26
0
0
22
0
6404
5
2741
true
10:53:52
0
0
15
0
4302
0
346
true
10:55:54
0
0
9
0
13499
0
2456
true
10:59:26
0
0
12
-1
8989
4
3173
true
11:02:20
1
0
8
11
5738
6
6143
true
11:05:36
1
0
18
11
6107
4
5476
true
11:05:43
0
0
-25
-1
18188
18
12408
true
11:07:01
1
0
16
9
48036
58
38226
true
11:07:36
1
0
-4
5
47401
57
999999999
true
11:09:19
0
0
8
0
7487
0
1013
true
11:10:18
